2 0.228846 0.585697 0.084615 0.131010
0 0.303205 0.639784 0.075641 0.110337
2 0.948878 0.680168 0.102244 0.250240
2 0.885256 0.752885 0.071154 0.207692
2 0.516667 0.763702 0.071154 0.061058
2 0.128526 0.100000 0.128205 0.095192
2 0.213622 0.257332 0.059936 0.090625
2 0.133494 0.342548 0.065705 0.075481
0 0.571314 0.150240 0.052244 0.099519
0 0.731090 0.270913 0.035256 0.073077
2 0.279808 0.342548 0.032051 0.031250
0 0.858814 0.327043 0.018269 0.034856
2 0.793269 0.310817 0.019872 0.042308
2 0.770032 0.303005 0.013141 0.031490
2 0.407853 0.419471 0.031090 0.030769
