0 0.478045 0.508654 0.204167 0.424038
2 0.225321 0.501563 0.048077 0.099279
2 0.189583 0.871394 0.072756 0.203365
2 0.262500 0.809135 0.026282 0.063462
2 0.419071 0.868630 0.065705 0.165144
2 0.470833 0.786178 0.011538 0.034856
2 0.549519 0.776923 0.029167 0.027404
2 0.770192 0.517308 0.091667 0.264423
2 0.829167 0.376442 0.026282 0.063462
2 0.950801 0.228966 0.036218 0.113702
2 0.557532 0.655048 0.071474 0.187981
2 0.120353 0.844591 0.062500 0.241587
2 0.292468 0.652404 0.024679 0.038462
2 0.252885 0.628846 0.021795 0.032692
2 0.419071 0.320072 0.062500 0.090625
2 0.912179 0.396154 0.023077 0.043750
