2 0.455449 0.469832 0.138462 0.197837
2 0.514423 0.787861 0.101923 0.125721
2 0.787660 0.704688 0.024679 0.042548
2 0.904647 0.065024 0.050321 0.076202
2 0.182692 0.327644 0.039744 0.068269
2 0.061378 0.257812 0.058013 0.082933
2 0.633814 0.582933 0.016987 0.025962
2 0.612019 0.508534 0.031090 0.046394
2 0.693910 0.532933 0.017949 0.026442
2 0.705929 0.555048 0.022115 0.034135
2 0.620513 0.578966 0.009615 0.017067
2 0.322115 0.569832 0.021795 0.041106
0 0.277724 0.548798 0.014423 0.023558
2 0.315865 0.517428 0.010577 0.024279
2 0.533494 0.611538 0.012500 0.019712
2 0.463301 0.632091 0.014423 0.021394
2 0.873237 0.436418 0.017628 0.038702
2 0.927564 0.705529 0.021154 0.015865
2 0.372436 0.152404 0.021154 0.027885
