2 0.162500 0.502043 0.053846 0.098317
2 0.370192 0.594952 0.046795 0.072115
2 0.408173 0.612500 0.046474 0.091827
2 0.421154 0.665505 0.049359 0.081971
2 0.652885 0.669832 0.113462 0.143029
2 0.607692 0.698798 0.035256 0.061058
2 0.773077 0.540264 0.057051 0.078606
2 0.692949 0.573077 0.033333 0.032692
2 0.644712 0.433774 0.050962 0.093029
2 0.687821 0.260096 0.075641 0.088462
2 0.501763 0.367668 0.038141 0.061779
2 0.488141 0.395793 0.024359 0.031490
2 0.408333 0.170313 0.057051 0.085337
2 0.427724 0.244952 0.053526 0.072115
2 0.444071 0.301322 0.050962 0.082933
2 0.720513 0.157091 0.048077 0.056010
2 0.670833 0.313341 0.057051 0.071394
2 0.687660 0.294471 0.046474 0.042788
