2 0.548077 0.669231 0.058333 0.135577
2 0.690705 0.616226 0.064103 0.138702
2 0.534936 0.769832 0.052564 0.093990
2 0.600481 0.713582 0.049679 0.130048
2 0.045353 0.583534 0.046474 0.106010
2 0.390705 0.964784 0.069872 0.062260
2 0.749038 0.510216 0.026282 0.053606
2 0.632372 0.398798 0.043590 0.053365
2 0.452404 0.496875 0.022115 0.031250
2 0.467468 0.492428 0.014423 0.031971
2 0.495032 0.497115 0.016987 0.030769
2 0.225160 0.425721 0.019551 0.039423
2 0.298397 0.369712 0.016026 0.036058
2 0.261859 0.340745 0.031410 0.037740
