2 0.527885 0.158413 0.074359 0.131250
2 0.516026 0.519591 0.069872 0.113702
0 0.473397 0.538221 0.066026 0.079327
2 0.446635 0.553365 0.051603 0.057212
2 0.550000 0.590986 0.053846 0.119471
2 0.627564 0.543870 0.051282 0.106490
2 0.659295 0.678846 0.055769 0.046154
2 0.287821 0.703486 0.080128 0.111298
2 0.392788 0.846274 0.051603 0.131490
2 0.311218 0.877043 0.060897 0.109375
2 0.520032 0.750601 0.011218 0.018029
2 0.645994 0.686418 0.023397 0.025240
2 0.601442 0.402284 0.049038 0.100240
2 0.566346 0.490986 0.060256 0.089663
2 0.905288 0.383534 0.168269 0.144952
2 0.629487 0.273798 0.026282 0.027885
2 0.481410 0.250120 0.032051 0.030048
2 0.189103 0.758534 0.046795 0.101683
