2 0.086859 0.306490 0.123718 0.179327
2 0.177083 0.259495 0.039423 0.069952
2 0.208013 0.323558 0.035256 0.070192
2 0.713782 0.540264 0.148077 0.221394
2 0.479487 0.698918 0.080769 0.126683
2 0.549840 0.694952 0.055449 0.037500
2 0.407372 0.712380 0.019872 0.029567
2 0.382532 0.653005 0.018910 0.036298
2 0.382372 0.677885 0.023077 0.041346
2 0.338141 0.668990 0.041026 0.051923
2 0.326923 0.622356 0.014103 0.030769
2 0.392308 0.595192 0.018590 0.012981
2 0.484776 0.584375 0.034295 0.070673
2 0.419712 0.525481 0.033013 0.018750
2 0.600000 0.428245 0.041026 0.039663
2 0.840385 0.471995 0.034615 0.066106
2 0.919551 0.481611 0.026282 0.055529
