2 0.708654 0.632332 0.073718 0.105048
2 0.879808 0.528726 0.060897 0.086298
2 0.565385 0.669832 0.032692 0.018510
2 0.575962 0.659255 0.021795 0.007933
2 0.498077 0.613582 0.079487 0.099279
2 0.441667 0.556611 0.054487 0.042548
2 0.394872 0.557452 0.033333 0.060577
2 0.388622 0.551803 0.013782 0.030529
2 0.352244 0.560577 0.054487 0.087500
2 0.330609 0.524159 0.058013 0.065625
2 0.753686 0.609255 0.011859 0.026683
2 0.738462 0.464784 0.045513 0.030048
2 0.736699 0.410577 0.073397 0.045673
2 0.678045 0.410938 0.020192 0.016587
2 0.101122 0.310577 0.036218 0.053846
2 0.303045 0.322476 0.015064 0.023798
2 0.296154 0.336779 0.021795 0.026442
2 0.336058 0.311298 0.018269 0.025962
2 0.699840 0.332332 0.020833 0.017548
2 0.719872 0.338822 0.021154 0.018990
2 0.712821 0.346154 0.008974 0.016827
2 0.695513 0.344952 0.017308 0.014423
2 0.710417 0.381130 0.008013 0.019471
2 0.739103 0.349159 0.007051 0.013702
2 0.734135 0.296635 0.011859 0.017308
2 0.124359 0.437019 0.017308 0.024038
