2 0.353526 0.166106 0.059615 0.112500
2 0.304647 0.443029 0.108013 0.163942
2 0.260256 0.437620 0.048077 0.100721
2 0.137821 0.589543 0.071154 0.122356
2 0.786058 0.694952 0.045192 0.064423
2 0.808814 0.670913 0.029167 0.049038
2 0.561859 0.812981 0.036538 0.060096
2 0.478045 0.853966 0.040705 0.037260
2 0.094872 0.835938 0.046795 0.066587
2 0.080929 0.874159 0.039423 0.062260
2 0.182372 0.885096 0.043590 0.073077
2 0.222276 0.912861 0.013141 0.058894
2 0.195833 0.914183 0.030769 0.072115
2 0.329327 0.965385 0.029167 0.056731
2 0.389904 0.920072 0.018910 0.025240
2 0.258654 0.918630 0.017949 0.030529
2 0.244551 0.896034 0.021154 0.031971
2 0.300000 0.830769 0.032692 0.008173
