2 0.287981 0.138702 0.065705 0.123558
2 0.269071 0.433774 0.109295 0.178125
2 0.565385 0.798197 0.032051 0.058894
2 0.776603 0.677404 0.043590 0.064423
2 0.802083 0.652404 0.018910 0.040385
2 0.961058 0.467187 0.033654 0.069952
2 0.968910 0.325120 0.032051 0.078606
2 0.977885 0.370433 0.044231 0.055769
2 0.486378 0.845913 0.020833 0.034135
2 0.398718 0.916827 0.014744 0.023558
2 0.339583 0.961779 0.044551 0.053365
2 0.268109 0.914784 0.016987 0.031490
2 0.248077 0.893149 0.027564 0.034375
2 0.229487 0.912139 0.032692 0.055529
2 0.187660 0.880168 0.034936 0.075721
2 0.204006 0.905889 0.036859 0.068990
2 0.105609 0.581490 0.074679 0.121154
2 0.215064 0.424639 0.060256 0.103606
2 0.305449 0.826562 0.028846 0.009375
2 0.096795 0.834255 0.051923 0.066106
2 0.088782 0.880168 0.046795 0.060817
