2 0.400801 0.685096 0.075962 0.153846
2 0.418269 0.764303 0.081410 0.126683
2 0.353526 0.786178 0.027564 0.069952
2 0.394231 0.874279 0.067949 0.091827
2 0.377885 0.919712 0.022436 0.056731
2 0.358814 0.926803 0.017628 0.042548
2 0.261218 0.866226 0.018590 0.045913
2 0.693910 0.206250 0.096154 0.170192
2 0.462500 0.201803 0.050000 0.078125
2 0.454647 0.251683 0.011859 0.025481
2 0.381250 0.227885 0.017628 0.027885
2 0.134936 0.179688 0.022436 0.033413
2 0.116667 0.202163 0.018590 0.010577
2 0.175321 0.193750 0.018590 0.018269
