2 0.105769 0.180889 0.089103 0.174760
2 0.198397 0.253486 0.069872 0.147356
2 0.248558 0.349639 0.118269 0.186779
2 0.566827 0.446995 0.061218 0.086298
2 0.621795 0.442067 0.025000 0.085096
2 0.104968 0.799279 0.119551 0.155288
2 0.793429 0.410337 0.147115 0.240385
1 0.936378 0.425000 0.127244 0.261058
2 0.676923 0.721755 0.065385 0.093990
2 0.535577 0.738101 0.057051 0.105048
2 0.585737 0.627284 0.072756 0.110337
2 0.662340 0.549159 0.077244 0.045913
2 0.438782 0.874639 0.037821 0.074279
2 0.368109 0.901442 0.030449 0.055769
2 0.408013 0.782332 0.052564 0.097356
2 0.649199 0.739784 0.024679 0.046875
2 0.804006 0.275000 0.029808 0.024038
2 0.749519 0.348798 0.071474 0.039904
