2 0.087660 0.549639 0.174679 0.075240
2 0.055609 0.646875 0.072756 0.090865
2 0.249359 0.552284 0.096154 0.054567
2 0.353526 0.650721 0.170513 0.200962
1 0.462500 0.608894 0.170513 0.192308
2 0.688622 0.261178 0.088782 0.158413
2 0.585897 0.184014 0.122436 0.069952
2 0.804968 0.154688 0.077244 0.174760
2 0.717147 0.381130 0.031731 0.031971
2 0.706731 0.456731 0.020513 0.033654
2 0.510417 0.436298 0.022115 0.047115
2 0.656571 0.426202 0.022756 0.035577
2 0.865064 0.312500 0.032051 0.037981
2 0.777885 0.346875 0.012179 0.021635
2 0.770994 0.331731 0.006090 0.023558
2 0.145994 0.251202 0.041987 0.041346
2 0.058333 0.371875 0.044872 0.012019
2 0.038141 0.926562 0.075641 0.121394
2 0.974840 0.096755 0.038141 0.058894
